Начальный план
Точки спектра:
-0.053000 
-0.053000 
-0.053000 
-0.053000 
0.000000 
0.000000 
-0.053000 
-0.053000 
-0.053000 
-0.053000 
0.000000 
0.000000 
0.000000 
-0.053000 
-0.053000 
0.000000 
0.000000 
-0.053000 
-0.053000 
0.000000 
0.000000 
-0.053000 
-0.053000 
0.000000 
0.000000 
-0.053000 
0.000000 
0.000000 
0.000000 
-0.053000 
-0.053000 
0.000000 
-0.053000 
-0.053000 
-0.053000 
-0.053000 
-0.053000 
0.000000 
-0.053000 
-0.053000 
-0.053000 
0.000000 
-0.053000 
-0.053000 
-0.053000 
0.000000 
0.000000 
0.000000 
0.000000 
0.000000 

Веса
1.000000 
----------------------------------------------------------------
Значение целевой функции для начального плана 0.014164
----------------------------------------------------------------
Решение найдено
Количество итераций: 10
----------------------------------------------------------------
Построенный план
Точки спектра:
-0.000284 
-0.053000 
0.000000 
0.000000 
0.000000 
0.000000 
0.000000 
0.000000 
0.000000 
0.000000 
0.000000 
-0.000007 
0.000000 
0.000000 
0.000000 
-0.053000 
0.000000 
-0.024813 
0.000000 
-0.014055 
0.000000 
0.000000 
-0.053000 
0.000000 
0.000000 
0.000000 
0.000000 
0.000000 
0.000000 
-0.000951 
-0.053000 
0.000000 
-0.000031 
-0.022531 
0.000000 
0.000000 
0.000000 
0.000000 
0.000000 
0.000000 
0.000000 
0.000000 
0.000000 
0.000000 
0.000000 
0.000000 
0.000000 
0.000000 
0.000000 
-0.000059 

Веса
1.000000 
----------------------------------------------------------------
Очищенный план:
Точки спектра:
-0.000284 
-0.053000 
0.000000 
0.000000 
0.000000 
0.000000 
0.000000 
0.000000 
0.000000 
0.000000 
0.000000 
-0.000007 
0.000000 
0.000000 
0.000000 
-0.053000 
0.000000 
-0.024813 
0.000000 
-0.014055 
0.000000 
0.000000 
-0.053000 
0.000000 
0.000000 
0.000000 
0.000000 
0.000000 
0.000000 
-0.000951 
-0.053000 
0.000000 
-0.000031 
-0.022531 
0.000000 
0.000000 
0.000000 
0.000000 
0.000000 
0.000000 
0.000000 
0.000000 
0.000000 
0.000000 
0.000000 
0.000000 
0.000000 
0.000000 
0.000000 
-0.000059 

Веса
1.000000 
ИМФ:
45992395887.267509	-48470800061.903900	-2307873493.789298	767307357.588718	-831458716.566608	-40844662.647999	
-48470800061.903900	51090654403.754608	2441246212.794613	-808854899.419525	876480743.370659	43217455.453314	
-2307873493.789298	2441246212.794613	128565925.808829	-38525714.784744	41716301.121668	2276746.157306	
767307357.588718	-808854899.419525	-38525714.784744	12890925.285267	-13974545.690801	-686835.168022	
-831458716.566608	876480743.370659	41716301.121668	-13974545.690801	15150682.941088	744040.840996	
-40844662.647999	43217455.453314	2276746.157306	-686835.168022	744040.840996	40654.332834	
Значение целевой функции: 0.021007
Необходимые и достаточные условия пройдены
План построен за 7634.522050 секунд
